2.929659375000000000e+04
1.575501562500000000e+05
5.583240625000000000e+04
7.388781250000000000e+04
9.617389062500000000e+04
6.856394531250000000e+04
2.429268359375000000e+04
4.338154687500000000e+04
6.017274218750000000e+04
5.022964843750000000e+04
2.729445898437500000e+04
2.344282421875000000e+04
3.811033593750000000e+04
3.988931250000000000e+04
2.937862695312500000e+04
1.951045312500000000e+04
2.463261328125000000e+04
3.100991210937500000e+04
2.827983984375000000e+04
2.091599023437500000e+04
1.888384960937500000e+04
2.369854687500000000e+04
2.554722851562500000e+04
2.191147265625000000e+04
1.789156250000000000e+04
1.886615234375000000e+04
2.176631250000000000e+04
2.122422460937500000e+04
1.834575195312500000e+04
1.706602343750000000e+04
1.865346093750000000e+04
1.976385156250000000e+04
1.830150781250000000e+04
1.652642578125000000e+04
1.688212109375000000e+04
1.796155859375000000e+04
1.760594140625000000e+04
1.617999804687500000e+04
1.591202539062500000e+04
1.675187109375000000e+04
1.675677148437500000e+04
1.581861523437500000e+04
1.538726074218750000e+04
1.584889453125000000e+04
1.592591503906250000e+04
1.522700585937500000e+04
1.483851269531250000e+04
1.516481933593750000e+04
1.513666894531250000e+04
1.457962597656250000e+04
1.448902050781250000e+04
1.459291601562500000e+04
1.446735644531250000e+04
1.409234472656250000e+04
1.413760351562500000e+04
1.421065039062500000e+04
1.385647949218750000e+04
1.361088476562500000e+04
1.378327148437500000e+04
1.357845507812500000e+04
1.325018164062500000e+04
1.327931640625000000e+04
1.328129101562500000e+04
1.306394726562500000e+04
1.303315332031250000e+04
1.297573925781250000e+04
1.278193750000000000e+04
1.268025000000000000e+04
1.264240527343750000e+04
1.242466015625000000e+04
1.244721289062500000e+04
1.229228222656250000e+04
1.220129101562500000e+04
1.212300195312500000e+04
1.209944628906250000e+04
1.190452734375000000e+04
1.193412597656250000e+04
1.177572851562500000e+04
1.169043066406250000e+04
1.167250390625000000e+04
1.150822558593750000e+04
1.157163476562500000e+04
1.142383593750000000e+04
1.134500390625000000e+04
1.122696191406250000e+04
1.108539843750000000e+04
1.113455664062500000e+04
1.098728710937500000e+04
1.089256152343750000e+04
1.074251562500000000e+04
1.072558398437500000e+04
1.072578515625000000e+04
1.065102539062500000e+04
1.053400683593750000e+04
1.045852343750000000e+04
1.035922070312500000e+04
1.029068945312500000e+04
1.024645800781250000e+04
1.018951074218750000e+04
1.013549218750000000e+04
1.003736523437500000e+04
9.959054687500000000e+03
9.911018554687500000e+03
9.805613281250000000e+03
9.687728515625000000e+03
9.631922851562500000e+03
9.570024414062500000e+03
9.450304687500000000e+03
9.540328125000000000e+03
9.453124023437500000e+03
9.297222656250000000e+03
9.210873046875000000e+03
9.150081054687500000e+03
9.119957031250000000e+03
9.042922851562500000e+03
8.984388671875000000e+03
8.915396484375000000e+03
8.853847656250000000e+03
8.827517578125000000e+03
8.703006835937500000e+03
8.635530273437500000e+03
8.631355468750000000e+03
8.564071289062500000e+03
8.680606445312500000e+03
9.112224609375000000e+03
1.046263964843750000e+04
1.215922460937500000e+04
1.074498828125000000e+04
8.484544921875000000e+03
8.347726562500000000e+03
9.857470703125000000e+03
1.065792871093750000e+04
9.145597656250000000e+03
8.041068847656250000e+03
8.441386718750000000e+03
9.183901367187500000e+03
9.160519531250000000e+03
8.422208984375000000e+03
7.882768554687500000e+03
7.824470703125000000e+03
8.176706054687500000e+03
8.651091796875000000e+03
8.870927734375000000e+03
8.553609375000000000e+03
8.064516113281250000e+03
7.720306152343750000e+03
7.520858398437500000e+03
7.466823242187500000e+03
7.619092285156250000e+03
7.946635742187500000e+03
8.708937500000000000e+03
9.889138671875000000e+03
1.011393359375000000e+04
8.970255859375000000e+03
7.903441894531250000e+03
7.356568359375000000e+03
7.165983398437500000e+03
7.172193359375000000e+03
7.244096679687500000e+03
7.445554687500000000e+03
8.410691406250000000e+03
1.009704882812500000e+04
1.055230078125000000e+04
8.632638671875000000e+03
7.275723632812500000e+03
6.883330078125000000e+03
7.112541015625000000e+03
8.008830078125000000e+03
9.566064453125000000e+03
9.791469726562500000e+03
8.196090820312500000e+03
7.062526367187500000e+03
6.711232421875000000e+03
6.749662597656250000e+03
7.200561523437500000e+03
8.057572753906250000e+03
9.142903320312500000e+03
9.018031250000000000e+03
7.839127929687500000e+03
6.967760742187500000e+03
6.551644531250000000e+03
6.485825195312500000e+03
6.548285156250000000e+03
6.924048828125000000e+03
7.719544921875000000e+03
9.044220703125000000e+03
9.257103515625000000e+03
7.993857910156250000e+03
7.039843750000000000e+03
6.651214843750000000e+03
6.579095703125000000e+03
6.680404296875000000e+03
7.032369628906250000e+03
8.033522949218750000e+03
9.104144531250000000e+03
8.711183593750000000e+03
7.405228515625000000e+03
6.599790039062500000e+03
6.342615234375000000e+03
6.266680664062500000e+03
6.304909667968750000e+03
6.609384765625000000e+03
7.332160156250000000e+03
8.720644531250000000e+03
9.071787109375000000e+03
7.856925781250000000e+03
6.854781738281250000e+03
6.411592773437500000e+03
6.262811523437500000e+03
6.388979492187500000e+03
6.882307617187500000e+03
7.935097656250000000e+03
8.547414062500000000e+03
7.936173828125000000e+03
7.012265136718750000e+03
6.507666992187500000e+03
6.228847656250000000e+03
6.249069335937500000e+03
6.524383789062500000e+03
7.038473632812500000e+03
7.688193847656250000e+03
7.954083496093750000e+03
7.445748046875000000e+03
6.768885253906250000e+03
6.358569335937500000e+03
6.207550781250000000e+03
6.232922851562500000e+03
6.491826171875000000e+03
7.025944335937500000e+03
7.515259277343750000e+03
7.473674804687500000e+03
6.957086914062500000e+03
6.402236328125000000e+03
6.127454101562500000e+03
6.182856445312500000e+03
6.532217773437500000e+03
6.959901855468750000e+03
7.422423339843750000e+03
7.156155761718750000e+03
6.649934570312500000e+03
6.261107421875000000e+03
6.142124511718750000e+03
6.278911132812500000e+03
6.435364257812500000e+03
6.802950195312500000e+03
7.044534667968750000e+03
7.106429687500000000e+03
6.644155273437500000e+03
6.118670898437500000e+03
5.872748046875000000e+03
5.813420410156250000e+03
6.029793945312500000e+03
6.453319335937500000e+03
6.944165527343750000e+03
6.986187988281250000e+03
6.601798828125000000e+03
6.222811523437500000e+03
6.049001953125000000e+03
6.145510742187500000e+03
6.382867187500000000e+03
6.758929687500000000e+03
6.859672851562500000e+03
6.567291015625000000e+03
6.181278320312500000e+03
5.971272460937500000e+03
5.909023925781250000e+03
6.137720703125000000e+03
6.390830566406250000e+03
6.590194335937500000e+03
6.509869628906250000e+03
6.205659667968750000e+03
6.008260253906250000e+03
5.870586914062500000e+03
5.816683105468750000e+03
5.994477539062500000e+03
6.142150878906250000e+03
6.254648437500000000e+03
6.293103515625000000e+03
6.090032226562500000e+03
5.907141601562500000e+03
5.762978515625000000e+03
5.812036621093750000e+03
5.982685546875000000e+03
6.269253417968750000e+03
6.370654785156250000e+03
6.210800781250000000e+03
5.865172851562500000e+03
5.679186523437500000e+03
5.660899414062500000e+03
5.815097167968750000e+03
5.931763183593750000e+03
6.156092285156250000e+03
6.216959960937500000e+03
6.120064453125000000e+03
5.875182617187500000e+03
5.688789062500000000e+03
5.565146972656250000e+03
5.683958984375000000e+03
5.962188476562500000e+03
6.174877929687500000e+03
6.140197753906250000e+03
5.901767578125000000e+03
5.621098632812500000e+03
5.531494140625000000e+03
5.643079101562500000e+03
5.856453613281250000e+03
5.988230468750000000e+03
5.948575195312500000e+03
5.722330566406250000e+03
5.500397460937500000e+03
5.469585937500000000e+03
5.500016601562500000e+03
5.645023925781250000e+03
5.666840332031250000e+03
5.680995117187500000e+03
5.680815917968750000e+03
5.716301757812500000e+03
5.686653808593750000e+03
5.560562011718750000e+03
5.560569824218750000e+03
5.469145507812500000e+03
5.459927734375000000e+03
5.581666015625000000e+03
5.765860351562500000e+03
5.805661621093750000e+03
5.606148437500000000e+03
5.248366210937500000e+03
5.190083496093750000e+03
5.304551757812500000e+03
5.502092285156250000e+03
5.693992187500000000e+03
5.726552734375000000e+03
5.462984863281250000e+03
5.329212890625000000e+03
5.217293945312500000e+03
5.351603515625000000e+03
5.548975585937500000e+03
5.651522460937500000e+03
5.730556640625000000e+03
5.433318359375000000e+03
5.117381835937500000e+03
5.016962402343750000e+03
5.049948242187500000e+03
5.261902832031250000e+03
5.486731445312500000e+03
5.558972656250000000e+03
5.418123046875000000e+03
5.225985839843750000e+03
5.060377929687500000e+03
5.086553710937500000e+03
5.188874023437500000e+03
5.344273437500000000e+03
5.508244140625000000e+03
5.407431640625000000e+03
5.203131835937500000e+03
5.156102539062500000e+03
5.144629394531250000e+03
5.271905273437500000e+03
5.321622558593750000e+03
5.283203613281250000e+03
5.239909179687500000e+03
5.155274414062500000e+03
5.071210937500000000e+03
5.142420898437500000e+03
5.200569335937500000e+03
5.207981933593750000e+03
5.077495117187500000e+03
5.071563964843750000e+03
5.122797851562500000e+03
5.217310546875000000e+03
5.135086425781250000e+03
4.986898437500000000e+03
5.014319824218750000e+03
5.086186035156250000e+03
5.121400390625000000e+03
5.089327636718750000e+03
4.894869628906250000e+03
4.816833984375000000e+03
4.790254882812500000e+03
4.951131835937500000e+03
5.139597656250000000e+03
5.237329101562500000e+03
5.040643554687500000e+03
4.822144042968750000e+03
4.692297363281250000e+03
4.688042480468750000e+03
4.888181640625000000e+03
5.128258789062500000e+03
5.150957031250000000e+03
4.964524414062500000e+03
4.743924316406250000e+03
4.620022460937500000e+03
4.683578125000000000e+03
4.950138671875000000e+03
5.241963867187500000e+03
5.212172363281250000e+03
4.894057617187500000e+03
4.596414550781250000e+03
4.466027343750000000e+03
4.585307617187500000e+03
4.844018066406250000e+03
5.191570800781250000e+03
5.124994140625000000e+03
4.720986328125000000e+03
4.445775390625000000e+03
4.423545898437500000e+03
4.606327148437500000e+03
4.962021484375000000e+03
5.179912597656250000e+03
4.872727539062500000e+03
4.551002929687500000e+03
4.449747070312500000e+03
4.590354492187500000e+03
4.853186035156250000e+03
4.889275390625000000e+03
4.768440429687500000e+03
4.581125976562500000e+03
4.495527343750000000e+03
4.545527343750000000e+03
4.663023437500000000e+03
4.788874023437500000e+03
4.790290039062500000e+03
4.693272460937500000e+03
4.644652343750000000e+03
4.642272949218750000e+03
4.610524902343750000e+03
4.544077148437500000e+03
4.572577148437500000e+03
4.601202636718750000e+03
4.620807128906250000e+03
4.587744628906250000e+03
4.497590820312500000e+03
4.486925781250000000e+03
4.451566406250000000e+03
4.417346191406250000e+03
4.531765625000000000e+03
4.608681640625000000e+03
4.644823730468750000e+03
4.625409179687500000e+03
4.488029296875000000e+03
4.378546875000000000e+03
4.364846679687500000e+03
4.402298828125000000e+03
4.456194335937500000e+03
4.525818359375000000e+03
4.564055664062500000e+03
4.414301757812500000e+03
4.303073242187500000e+03
4.337846191406250000e+03
4.541254882812500000e+03
4.552405273437500000e+03
4.501095214843750000e+03
4.383207031250000000e+03
4.319837890625000000e+03
4.350633300781250000e+03
4.405022949218750000e+03
4.399163085937500000e+03
4.378623535156250000e+03
4.339699707031250000e+03
4.366833007812500000e+03
4.392769531250000000e+03
4.343093750000000000e+03
4.242160644531250000e+03
4.243095703125000000e+03
4.257875000000000000e+03
4.265528320312500000e+03
4.290324218750000000e+03
4.335643066406250000e+03
4.300649414062500000e+03
4.189361328125000000e+03
4.104848632812500000e+03
4.261145019531250000e+03
4.385598632812500000e+03
4.393223632812500000e+03
4.282444335937500000e+03
4.167054199218750000e+03
4.077482910156250000e+03
4.184425292968750000e+03
4.312077636718750000e+03
4.342616699218750000e+03
4.245355468750000000e+03
4.063978027343750000e+03
3.978637695312500000e+03
4.057639160156250000e+03
4.188496093750000000e+03
4.353947265625000000e+03
4.290200683593750000e+03
4.120472656250000000e+03
4.009375000000000000e+03
4.039503906250000000e+03
4.115625976562500000e+03
4.195526367187500000e+03
4.247075195312500000e+03
4.170632812500000000e+03
4.006203125000000000e+03
3.937131347656250000e+03
3.960630615234375000e+03
4.104830078125000000e+03
4.191113281250000000e+03
4.139956054687500000e+03
4.041098632812500000e+03
3.978227294921875000e+03
3.961901855468750000e+03
4.018702636718750000e+03
4.128134277343750000e+03
4.178630859375000000e+03
4.047755859375000000e+03
4.030626953125000000e+03
3.977446777343750000e+03
3.968310302734375000e+03
4.009283935546875000e+03
4.051827880859375000e+03
3.991639892578125000e+03
3.889177978515625000e+03
3.851899414062500000e+03
3.918681640625000000e+03
4.006926757812500000e+03
4.086149902343750000e+03
4.083946289062500000e+03
3.945162109375000000e+03
3.874309326171875000e+03
3.880428710937500000e+03
3.959145751953125000e+03
3.985137695312500000e+03
3.865018066406250000e+03
3.808944335937500000e+03
3.790301757812500000e+03
3.952380859375000000e+03
4.115682617187500000e+03
4.046944335937500000e+03
3.775077880859375000e+03
3.675457031250000000e+03
3.758001708984375000e+03
3.994789306640625000e+03
4.057416503906250000e+03
3.874201660156250000e+03
3.667134033203125000e+03
3.620169921875000000e+03
3.724253906250000000e+03
3.944674560546875000e+03
4.009253662109375000e+03
3.872809082031250000e+03
3.684952148437500000e+03
3.643322265625000000e+03
3.751507812500000000e+03
3.913662841796875000e+03
3.864058593750000000e+03
3.771370849609375000e+03
3.716464355468750000e+03
3.729065185546875000e+03
3.746049560546875000e+03
3.729281738281250000e+03
3.774514648437500000e+03
3.848521728515625000e+03
3.753124023437500000e+03
3.631777832031250000e+03
3.612013671875000000e+03
3.718600097656250000e+03
3.809172119140625000e+03
3.741019042968750000e+03
3.678631347656250000e+03
3.609844238281250000e+03
3.564962890625000000e+03
3.616694335937500000e+03
3.706091064453125000e+03
3.837635009765625000e+03
3.739352783203125000e+03
3.579594726562500000e+03
3.489193115234375000e+03
3.596686035156250000e+03
3.747277832031250000e+03
3.854183105468750000e+03
3.716766845703125000e+03
3.554949707031250000e+03
3.481687500000000000e+03
3.520438476562500000e+03
3.616795898437500000e+03
3.747281738281250000e+03
3.711322753906250000e+03
3.567676757812500000e+03
3.524889160156250000e+03
3.465208496093750000e+03
3.480449951171875000e+03
3.572664794921875000e+03
3.622760253906250000e+03
3.593524658203125000e+03
3.538572021484375000e+03
3.455826416015625000e+03
3.389640869140625000e+03
3.440746826171875000e+03
3.509673828125000000e+03
3.613630615234375000e+03
3.562373535156250000e+03
3.544369628906250000e+03
3.466440917968750000e+03
3.442968017578125000e+03
3.457785644531250000e+03
3.484109375000000000e+03
3.520850585937500000e+03
3.503320800781250000e+03
3.445363769531250000e+03
3.439563476562500000e+03
3.496232421875000000e+03
3.544770019531250000e+03
3.493754882812500000e+03
3.415564453125000000e+03
3.377179199218750000e+03
3.440137939453125000e+03
3.528330566406250000e+03
3.533506591796875000e+03
3.426690429687500000e+03
3.340427734375000000e+03
3.300308105468750000e+03
3.315641113281250000e+03
3.377356201171875000e+03
3.430241943359375000e+03
3.446741455078125000e+03
3.369510498046875000e+03
3.259550048828125000e+03
3.223713867187500000e+03
3.291278808593750000e+03
3.476129394531250000e+03
3.554853759765625000e+03
3.452555175781250000e+03
3.244899414062500000e+03
3.133078613281250000e+03
3.244242187500000000e+03
3.431153320312500000e+03
3.458166503906250000e+03
3.365220214843750000e+03
3.211532714843750000e+03
3.183800048828125000e+03
3.225133789062500000e+03
3.272440917968750000e+03
3.322202636718750000e+03
3.392864013671875000e+03
3.317810546875000000e+03
3.232518554687500000e+03
3.201791748046875000e+03
3.266954101562500000e+03
3.387363769531250000e+03
3.400021484375000000e+03
3.212553710937500000e+03
3.072677734375000000e+03
3.089916015625000000e+03
3.250462646484375000e+03
3.443811035156250000e+03
3.412979736328125000e+03
3.144992431640625000e+03
3.016759277343750000e+03
3.056711914062500000e+03
3.281527343750000000e+03
3.491852294921875000e+03
3.406654296875000000e+03
3.092151367187500000e+03
2.963035400390625000e+03
3.025238525390625000e+03
3.262035644531250000e+03
3.428412109375000000e+03
3.276198974609375000e+03
2.992192382812500000e+03
2.904808349609375000e+03
3.074725097656250000e+03
3.329008300781250000e+03
3.399192138671875000e+03
3.149255859375000000e+03
2.956109863281250000e+03
2.947755371093750000e+03
3.130584472656250000e+03
3.334912109375000000e+03
3.247066650390625000e+03
3.072410156250000000e+03
2.997776855468750000e+03
3.058225585937500000e+03
3.158541259765625000e+03
3.230594238281250000e+03
3.148256347656250000e+03
3.034763916015625000e+03
2.944140136718750000e+03
2.980076171875000000e+03
3.130960449218750000e+03
3.185559326171875000e+03
3.078850585937500000e+03
2.996959228515625000e+03
2.989257324218750000e+03
3.067432128906250000e+03
3.149092529296875000e+03
3.118285644531250000e+03
3.000848876953125000e+03
2.955350341796875000e+03
2.982432861328125000e+03
3.066145507812500000e+03
3.147814453125000000e+03
3.002477539062500000e+03
2.937814453125000000e+03
2.978821777343750000e+03
3.055601562500000000e+03
3.081466796875000000e+03
2.957476074218750000e+03
2.891169921875000000e+03
2.920630371093750000e+03
3.071722412109375000e+03
3.084996582031250000e+03
3.015894042968750000e+03
2.931555175781250000e+03
2.888173828125000000e+03
2.931821289062500000e+03
3.092322265625000000e+03
3.075786376953125000e+03
2.906406250000000000e+03
2.760311523437500000e+03
2.773153808593750000e+03
2.936949707031250000e+03
3.098337402343750000e+03
3.041791748046875000e+03
2.845482421875000000e+03
2.746228515625000000e+03
2.813690185546875000e+03
2.948400146484375000e+03
3.070499267578125000e+03
2.959854492187500000e+03
2.810431396484375000e+03
2.751570312500000000e+03
2.894579589843750000e+03
3.014927734375000000e+03
2.929157226562500000e+03
2.784193359375000000e+03
2.772180908203125000e+03
2.826219726562500000e+03
2.858557861328125000e+03
2.871429443359375000e+03
2.873546386718750000e+03
2.839771728515625000e+03
2.839029785156250000e+03
2.827877929687500000e+03
2.820170898437500000e+03
2.808438964843750000e+03
2.830712158203125000e+03
2.814393798828125000e+03
2.811698730468750000e+03
2.829764892578125000e+03
2.818704833984375000e+03
2.794316894531250000e+03
2.761934082031250000e+03
2.777723144531250000e+03
2.802528808593750000e+03
2.771505859375000000e+03
2.783445800781250000e+03
2.772576416015625000e+03
2.779953857421875000e+03
2.787195556640625000e+03
2.766500488281250000e+03
2.733716552734375000e+03
2.758732177734375000e+03
2.754676025390625000e+03
2.820651367187500000e+03
2.769737548828125000e+03
2.729173828125000000e+03
2.657768554687500000e+03
2.698580566406250000e+03
2.756382080078125000e+03
2.792444335937500000e+03
2.701356445312500000e+03
2.685997070312500000e+03
2.753687500000000000e+03
2.767752441406250000e+03
2.709579101562500000e+03
2.697400146484375000e+03
2.658125244140625000e+03
2.667699707031250000e+03
2.729077880859375000e+03
2.728956542968750000e+03
2.682445312500000000e+03
2.586704589843750000e+03
2.593022705078125000e+03
2.641191650390625000e+03
2.734830566406250000e+03
2.750786132812500000e+03
2.634499267578125000e+03
2.530010498046875000e+03
2.572151855468750000e+03
2.710971679687500000e+03
2.698875244140625000e+03
2.636992187500000000e+03
2.609970703125000000e+03
2.646741699218750000e+03
2.661718505859375000e+03
2.616421386718750000e+03
2.580562011718750000e+03
2.607251953125000000e+03
2.624246582031250000e+03
2.634308349609375000e+03
2.586805908203125000e+03
2.532862792968750000e+03
2.578693359375000000e+03
2.600454589843750000e+03
2.578863281250000000e+03
2.598998046875000000e+03
2.582965332031250000e+03
2.563479980468750000e+03
2.569085937500000000e+03
2.561314453125000000e+03
2.558204589843750000e+03
2.561119873046875000e+03
2.615306396484375000e+03
2.599479980468750000e+03
2.537797607421875000e+03
2.513639160156250000e+03
2.552436279296875000e+03
2.601239257812500000e+03
2.553792480468750000e+03
2.447680664062500000e+03
2.431886230468750000e+03
2.482732421875000000e+03
2.520802734375000000e+03
2.552138916015625000e+03
2.528907714843750000e+03
2.529442871093750000e+03
2.535364990234375000e+03
2.499210449218750000e+03
2.486174560546875000e+03
2.488465087890625000e+03
2.477306152343750000e+03
2.509816406250000000e+03
2.484924316406250000e+03
2.426234863281250000e+03
2.427853759765625000e+03
2.535314941406250000e+03
2.558906982421875000e+03
2.464827636718750000e+03
2.361491455078125000e+03
2.372889892578125000e+03
2.448783691406250000e+03
2.505298339843750000e+03
2.477043457031250000e+03
2.387506347656250000e+03
2.385544189453125000e+03
2.440424804687500000e+03
2.485850097656250000e+03
2.477762451171875000e+03
2.449444335937500000e+03
2.441119628906250000e+03
2.418481933593750000e+03
2.447004882812500000e+03
2.429925781250000000e+03
2.452483398437500000e+03
2.422640625000000000e+03
2.427281738281250000e+03
2.397555664062500000e+03
2.408940917968750000e+03
2.394681152343750000e+03
2.375949951171875000e+03
2.323041748046875000e+03
2.317330810546875000e+03
2.423147949218750000e+03
2.509049804687500000e+03
2.423753417968750000e+03
2.266573242187500000e+03
2.237977050781250000e+03
2.343815429687500000e+03
2.458283203125000000e+03
2.442331054687500000e+03
2.347199218750000000e+03
2.319391113281250000e+03
2.343131347656250000e+03
2.393882812500000000e+03
2.354764892578125000e+03
2.319860351562500000e+03
2.284743164062500000e+03
2.341302001953125000e+03
2.378490966796875000e+03
2.371089843750000000e+03
2.281939697265625000e+03
2.276511962890625000e+03
2.323756835937500000e+03
2.358188476562500000e+03
2.278601074218750000e+03
2.248809082031250000e+03
2.298765136718750000e+03
2.405452636718750000e+03
2.371962890625000000e+03
2.298713867187500000e+03
2.232565917968750000e+03
2.254325683593750000e+03
2.313227539062500000e+03
2.316579589843750000e+03
2.255113769531250000e+03
2.214568359375000000e+03
2.272627441406250000e+03
2.315505859375000000e+03
2.255190673828125000e+03
2.171136962890625000e+03
2.201159912109375000e+03
2.282802246093750000e+03
2.339528076171875000e+03
2.294458984375000000e+03
2.207440673828125000e+03
2.160943359375000000e+03
2.206821289062500000e+03
2.267075195312500000e+03
2.278396728515625000e+03
2.219366210937500000e+03
2.176662353515625000e+03
2.216063476562500000e+03
2.230022949218750000e+03
2.238016601562500000e+03
2.219133789062500000e+03
2.231642578125000000e+03
2.214806152343750000e+03
2.218598144531250000e+03
2.210464355468750000e+03
2.223897216796875000e+03
2.227600585937500000e+03
2.227763916015625000e+03
2.154536132812500000e+03
2.162705078125000000e+03
2.202672851562500000e+03
2.216446289062500000e+03
2.163623046875000000e+03
2.143912109375000000e+03
2.168327880859375000e+03
2.202228515625000000e+03
2.196561523437500000e+03
2.144772949218750000e+03
2.152394775390625000e+03
2.199733154296875000e+03
2.187305175781250000e+03
2.164110595703125000e+03
2.110824218750000000e+03
2.123064453125000000e+03
2.182383544921875000e+03
2.190014160156250000e+03
2.135902099609375000e+03
2.105449218750000000e+03
2.142298339843750000e+03
2.186469726562500000e+03
2.152619873046875000e+03
2.107739257812500000e+03
2.089870605468750000e+03
2.116806152343750000e+03
2.155537353515625000e+03
2.155967773437500000e+03
2.062917724609375000e+03
2.107347167968750000e+03
2.172631347656250000e+03
2.181126220703125000e+03
2.116079589843750000e+03
2.059816406250000000e+03
2.046599243164062500e+03
2.113351318359375000e+03
2.146295410156250000e+03
2.080389160156250000e+03
2.034696411132812500e+03
2.049806640625000000e+03
2.121225585937500000e+03
2.132245361328125000e+03
2.079884765625000000e+03
2.043846557617187500e+03
2.042779418945312500e+03
2.080131591796875000e+03
2.146956542968750000e+03
2.139914794921875000e+03
2.061431884765625000e+03
2.020386962890625000e+03
2.073024902343750000e+03
2.186844238281250000e+03
2.248488769531250000e+03
2.091140869140625000e+03
2.131858886718750000e+03
2.276962646484375000e+03
2.474617675781250000e+03
2.261173583984375000e+03
2.747254394531250000e+03
2.922721435546875000e+03
3.904625976562500000e+03
3.355570312500000000e+03
6.596257812500000000e+03
4.495756347656250000e+03
3.757412109375000000e+03
5.069947265625000000e+03
3.357806396484375000e+03
4.310720703125000000e+03
4.877129882812500000e+03
1.698288085937500000e+03
1.654887573242187500e+03
4.381422363281250000e+03
2.498856201171875000e+03
2.069555419921875000e+03
2.555952392578125000e+03
3.860107421875000000e+03
3.417627929687500000e+03
2.900851074218750000e+03
2.412831542968750000e+03
2.633535644531250000e+03
3.076303222656250000e+03
2.637742187500000000e+03
1.943974853515625000e+03
1.902399902343750000e+03
2.091038330078125000e+03
2.803937255859375000e+03
2.668304199218750000e+03
1.775699584960937500e+03
1.466023681640625000e+03
1.412733154296875000e+03
1.415892333984375000e+03
1.513089599609375000e+03
2.126599609375000000e+03
3.330802978515625000e+03
1.827901611328125000e+03
1.371118774414062500e+03
1.514244140625000000e+03
2.654254150390625000e+03
3.291452392578125000e+03
1.631426879882812500e+03
1.340072387695312500e+03
1.584582763671875000e+03
2.968518798828125000e+03
3.093497558593750000e+03
1.812167724609375000e+03
1.545979980468750000e+03
1.499612060546875000e+03
1.896460937500000000e+03
3.484833984375000000e+03
2.143816650390625000e+03
1.467890625000000000e+03
1.345286132812500000e+03
1.327256958007812500e+03
1.343184082031250000e+03
1.395071777343750000e+03
1.943532226562500000e+03
3.910578857421875000e+03
1.873607177734375000e+03
1.408602539062500000e+03
1.350083740234375000e+03
1.378434692382812500e+03
1.707841796875000000e+03
4.433319824218750000e+03
3.404523193359375000e+03
2.110788818359375000e+03
1.741881347656250000e+03
2.811953125000000000e+03
5.796933593750000000e+03
1.487257934570312500e+03
7.491012207031250000e+03
1.528536987304687500e+03
6.915634765625000000e+03
1.211866992187500000e+04
1.859189941406250000e+03
1.061889843750000000e+04
1.175403710937500000e+04
6.290000488281250000e+03
3.786120849609375000e+03
7.725655273437500000e+03
3.814691162109375000e+03
4.861913574218750000e+03
5.253564453125000000e+03
3.378285888671875000e+03
3.619395507812500000e+03
2.409992187500000000e+03
2.688663574218750000e+03
3.031255859375000000e+03
3.289532714843750000e+03
2.827083984375000000e+03
2.464518554687500000e+03
2.571778076171875000e+03
2.925436035156250000e+03
2.698636230468750000e+03
2.129964355468750000e+03
1.747485107421875000e+03
1.670873657226562500e+03
1.706089843750000000e+03
2.086280761718750000e+03
2.506010498046875000e+03
2.218438476562500000e+03
1.735981689453125000e+03
1.549227172851562500e+03
1.543128417968750000e+03
1.706130615234375000e+03
2.151443847656250000e+03
2.400010498046875000e+03
1.891797363281250000e+03
1.547140380859375000e+03
1.445740234375000000e+03
1.503042114257812500e+03
1.759276977539062500e+03
2.207891357421875000e+03
2.136629394531250000e+03
1.728695190429687500e+03
1.553012451171875000e+03
1.585313842773437500e+03
1.819863525390625000e+03
2.157575683593750000e+03
1.970484863281250000e+03
1.657476928710937500e+03
1.583267456054687500e+03
1.741598999023437500e+03
1.996661376953125000e+03
1.998747558593750000e+03
1.764779541015625000e+03
1.640321655273437500e+03
1.714223266601562500e+03
1.935726806640625000e+03
1.977740112304687500e+03
1.810635498046875000e+03
1.667032226562500000e+03
1.690010498046875000e+03
1.839276611328125000e+03
1.966900390625000000e+03
1.849543334960937500e+03
1.748319091796875000e+03
1.717479003906250000e+03
1.809545654296875000e+03
1.859604980468750000e+03
1.837587890625000000e+03
1.756365844726562500e+03
1.723214843750000000e+03
1.797742187500000000e+03
1.860240478515625000e+03
1.826135009765625000e+03
1.753764160156250000e+03
1.701221679687500000e+03
1.740509277343750000e+03
1.789626708984375000e+03
1.817662841796875000e+03
1.781940185546875000e+03
1.745282104492187500e+03
1.738113769531250000e+03
1.788191406250000000e+03
1.764169311523437500e+03
1.741446777343750000e+03
1.755148193359375000e+03
1.774349121093750000e+03
1.778733886718750000e+03
1.739423828125000000e+03
1.709220825195312500e+03
1.733614013671875000e+03
1.776460937500000000e+03
1.786970336914062500e+03
1.709553710937500000e+03
1.681426025390625000e+03
1.734148193359375000e+03
1.785179565429687500e+03
1.740218505859375000e+03
1.685311645507812500e+03
1.691137451171875000e+03
1.765554931640625000e+03
1.800682128906250000e+03
1.747335205078125000e+03
1.664752075195312500e+03
1.669271850585937500e+03
1.749590209960937500e+03
1.800657470703125000e+03
1.705512939453125000e+03
1.667447998046875000e+03
1.693353515625000000e+03
1.753340209960937500e+03
1.794483398437500000e+03
1.713800781250000000e+03
1.653445068359375000e+03
1.662757568359375000e+03
1.735034423828125000e+03
1.768277587890625000e+03
1.706303955078125000e+03
1.670411865234375000e+03
1.684674194335937500e+03
1.725454101562500000e+03
1.716340087890625000e+03
1.676081420898437500e+03
1.643907226562500000e+03
1.696915527343750000e+03
1.737401123046875000e+03
1.713042480468750000e+03
1.640419067382812500e+03
1.660072509765625000e+03
1.699279174804687500e+03
1.733202148437500000e+03
1.662386840820312500e+03
1.609231201171875000e+03
1.637500488281250000e+03
1.718732055664062500e+03
1.731065307617187500e+03
1.693791748046875000e+03
1.625537353515625000e+03
1.649333496093750000e+03
1.700525634765625000e+03
1.693005859375000000e+03
1.639037475585937500e+03
1.653671386718750000e+03
1.667334716796875000e+03
1.644011962890625000e+03
1.659437255859375000e+03
1.667656982421875000e+03
1.674707031250000000e+03
1.671891235351562500e+03
1.634123901367187500e+03
1.625530151367187500e+03
1.654410278320312500e+03
1.696823364257812500e+03
1.632640625000000000e+03
1.605189941406250000e+03
1.659225097656250000e+03
1.707826171875000000e+03
1.659936645507812500e+03
1.637169189453125000e+03
1.612528320312500000e+03
1.643408813476562500e+03
1.679774169921875000e+03
1.647103515625000000e+03
1.608588623046875000e+03
1.618365112304687500e+03
1.649693359375000000e+03
1.648641723632812500e+03
1.607445800781250000e+03
1.598959716796875000e+03
1.615927246093750000e+03
1.649871337890625000e+03
1.597534667968750000e+03
1.585482788085937500e+03
1.613870605468750000e+03
1.624711303710937500e+03
1.607235351562500000e+03
1.587922119140625000e+03
1.598190429687500000e+03
1.614538574218750000e+03
1.631366943359375000e+03
1.612600952148437500e+03
1.565183105468750000e+03
1.588208007812500000e+03
1.627323974609375000e+03
1.642373413085937500e+03
1.596327636718750000e+03
1.530504150390625000e+03
1.524844238281250000e+03
1.603678344726562500e+03
1.662374145507812500e+03
1.604347412109375000e+03
1.518715087890625000e+03
1.542861328125000000e+03
1.610005859375000000e+03
1.656439819335937500e+03
1.599101562500000000e+03
1.534206787109375000e+03
1.526804443359375000e+03
1.605409912109375000e+03
1.585985839843750000e+03
1.536830444335937500e+03
1.525593017578125000e+03
1.588813964843750000e+03
1.612013183593750000e+03
1.578338623046875000e+03
1.522785766601562500e+03
1.534506591796875000e+03
1.574932373046875000e+03
1.593436157226562500e+03
1.562433349609375000e+03
1.532221191406250000e+03
1.531329345703125000e+03
1.587433227539062500e+03
1.593415527343750000e+03
1.564282592773437500e+03
1.491526733398437500e+03
1.509929931640625000e+03
1.567411010742187500e+03
1.577139404296875000e+03
1.556190185546875000e+03
1.511815551757812500e+03
1.516150268554687500e+03
1.538235351562500000e+03
1.550291503906250000e+03
1.551274536132812500e+03
1.524820556640625000e+03
1.525380859375000000e+03
1.541680541992187500e+03
1.562993896484375000e+03
1.522876953125000000e+03
1.496420410156250000e+03
1.508306518554687500e+03
1.573679687500000000e+03
1.553019287109375000e+03
1.508561889648437500e+03
1.496825073242187500e+03
1.530618774414062500e+03
1.521690429687500000e+03
1.527307128906250000e+03
1.506087402343750000e+03
1.521809326171875000e+03
1.510068115234375000e+03
1.506273437500000000e+03
1.488359497070312500e+03
1.493403198242187500e+03
1.505800537109375000e+03
1.506066406250000000e+03
1.529718017578125000e+03
1.511936401367187500e+03
1.480429199218750000e+03
1.497593261718750000e+03
1.536008178710937500e+03
1.504654785156250000e+03
1.482739135742187500e+03
1.497494995117187500e+03
1.518790283203125000e+03
1.512012939453125000e+03
1.469458007812500000e+03
1.471327392578125000e+03
1.511650878906250000e+03
1.533710449218750000e+03
1.470208984375000000e+03
1.433031250000000000e+03
1.485714843750000000e+03
1.550125732421875000e+03
1.499365600585937500e+03
1.399127197265625000e+03
1.448879394531250000e+03
1.555385864257812500e+03
1.528467163085937500e+03
1.446486816406250000e+03
1.399683593750000000e+03
1.442290405273437500e+03
1.542529541015625000e+03
1.514920654296875000e+03
1.417104980468750000e+03
1.405855468750000000e+03
1.469240966796875000e+03
1.500792236328125000e+03
1.450260742187500000e+03
1.410614990234375000e+03
1.446760253906250000e+03
1.523937866210937500e+03
1.488790527343750000e+03
1.404696899414062500e+03
1.408445922851562500e+03
1.499309936523437500e+03
1.509119384765625000e+03
1.432307373046875000e+03
1.402696777343750000e+03
1.449918457031250000e+03
1.495325561523437500e+03
1.468312744140625000e+03
1.409890625000000000e+03
1.436761718750000000e+03
1.474906005859375000e+03
1.467398193359375000e+03
1.421094604492187500e+03
1.408612792968750000e+03
1.439676757812500000e+03
1.481793334960937500e+03
1.442585937500000000e+03
1.395159545898437500e+03
1.404553344726562500e+03
1.465713134765625000e+03
1.456526977539062500e+03
1.422549682617187500e+03
1.419124267578125000e+03
1.441948242187500000e+03
1.424843994140625000e+03
1.407617431640625000e+03
1.409500244140625000e+03
1.440799804687500000e+03
1.423975585937500000e+03
1.415193847656250000e+03
1.419154785156250000e+03
1.420350830078125000e+03
1.386642456054687500e+03
1.418962890625000000e+03
1.426771240234375000e+03
1.408435058593750000e+03
1.394872558593750000e+03
1.421274169921875000e+03
1.419050537109375000e+03
1.403091674804687500e+03
1.397993652343750000e+03
1.419540649414062500e+03
1.423021118164062500e+03
1.380413940429687500e+03
1.384156982421875000e+03
1.436978881835937500e+03
1.436315063476562500e+03
1.392243408203125000e+03
1.384524414062500000e+03
1.401128662109375000e+03
1.387173706054687500e+03
1.380002441406250000e+03
1.406836669921875000e+03
1.411392333984375000e+03
1.363168334960937500e+03
1.367371582031250000e+03
1.411678955078125000e+03
1.404396240234375000e+03
1.339344482421875000e+03
1.353263305664062500e+03
1.397258300781250000e+03
1.440341552734375000e+03
1.365528808593750000e+03
1.350242431640625000e+03
1.381327636718750000e+03
1.390957153320312500e+03
1.377248291015625000e+03
1.360776367187500000e+03
1.372778808593750000e+03
1.393353149414062500e+03
1.372523437500000000e+03
1.354844482421875000e+03
1.350908813476562500e+03
1.358752685546875000e+03
1.378361572265625000e+03
1.370687255859375000e+03
1.334995849609375000e+03
1.331421264648437500e+03
1.375347900390625000e+03
1.404476440429687500e+03
1.342136962890625000e+03
1.330965942382812500e+03
1.385672363281250000e+03
1.407698242187500000e+03
1.346184082031250000e+03
1.336690063476562500e+03
1.358104248046875000e+03
1.385799804687500000e+03
1.333292724609375000e+03
1.321199707031250000e+03
1.331906250000000000e+03
1.371538085937500000e+03
1.355242065429687500e+03
1.324625122070312500e+03
1.327002563476562500e+03
1.368664916992187500e+03
1.364440429687500000e+03
1.322539794921875000e+03
1.302193847656250000e+03
1.342358398437500000e+03
1.358943359375000000e+03
1.359968750000000000e+03
1.308828857421875000e+03
1.322966064453125000e+03
1.364047851562500000e+03
1.359458984375000000e+03
1.298744140625000000e+03
1.303958984375000000e+03
1.345943359375000000e+03
1.359765625000000000e+03
1.306545166015625000e+03
1.309309692382812500e+03
1.332473022460937500e+03
1.337830810546875000e+03
1.332776611328125000e+03
1.312019531250000000e+03
1.307844970703125000e+03
1.321522949218750000e+03
1.331136596679687500e+03
1.320614624023437500e+03
1.295790893554687500e+03
1.313102783203125000e+03
1.326819824218750000e+03
1.339237182617187500e+03
1.287382202148437500e+03
1.287472900390625000e+03
1.340839599609375000e+03
1.331907958984375000e+03
1.298880615234375000e+03
1.281380737304687500e+03
1.315158203125000000e+03
1.336743286132812500e+03
1.300822998046875000e+03
1.264431884765625000e+03
1.295760009765625000e+03
1.333277343750000000e+03
1.302399414062500000e+03
1.266849853515625000e+03
1.266457885742187500e+03
1.330466674804687500e+03
1.343160034179687500e+03
1.283521484375000000e+03
1.239926269531250000e+03
1.287851074218750000e+03
1.370380615234375000e+03
1.313781982421875000e+03
1.263970947265625000e+03
1.279416015625000000e+03
1.381418579101562500e+03
1.361528686523437500e+03
1.336246459960937500e+03
1.348634399414062500e+03
1.564470458984375000e+03
1.499821411132812500e+03
1.986187988281250000e+03
1.878272705078125000e+03
4.637209960937500000e+03
2.344617675781250000e+03
1.095751855468750000e+04
2.778322753906250000e+03
4.735405273437500000e+03
2.218590332031250000e+03
2.524341308593750000e+03
3.770283203125000000e+03
1.826076171875000000e+03
1.707806640625000000e+03
4.119225585937500000e+03
2.605520996093750000e+03
1.748986206054687500e+03
1.149898681640625000e+03
1.730332275390625000e+03
4.105517089843750000e+03
1.188782958984375000e+03
7.359581542968750000e+03
2.425194335937500000e+03
8.588788085937500000e+03
1.735027929687500000e+04
5.286998535156250000e+03
1.945689941406250000e+03
1.543534960937500000e+04
5.254462890625000000e+03
2.295983398437500000e+03
3.427462402343750000e+03
6.555541015625000000e+03
2.174860107421875000e+03
2.516238769531250000e+03
3.601415039062500000e+03
4.558873046875000000e+03
1.711820068359375000e+03
1.308957275390625000e+03
1.241141845703125000e+03
1.972391845703125000e+03
5.050976562500000000e+03
1.183258544921875000e+03
3.214356689453125000e+03
4.856234863281250000e+03
1.154267333984375000e+03
3.058989990234375000e+03
3.872584472656250000e+03
1.291259033203125000e+03
5.036763671875000000e+03
1.249733886718750000e+03
7.281137695312500000e+03
1.959009521484375000e+03
1.195134277343750000e+03
1.319508300781250000e+03
3.217996093750000000e+03
4.174614257812500000e+03
1.835884277343750000e+03
1.195433471679687500e+03
1.189326660156250000e+03
2.208361816406250000e+03
4.256530761718750000e+03
1.088046264648437500e+03
2.238704589843750000e+03
3.332315917968750000e+03
1.126538085937500000e+03
4.194353515625000000e+03
1.063851196289062500e+03
4.329390625000000000e+03
1.303082763671875000e+03
1.388245117187500000e+03
4.488028320312500000e+03
1.025561401367187500e+03
4.176182617187500000e+03
1.330720092773437500e+03
1.425142333984375000e+03
4.721688476562500000e+03
1.393202148437500000e+03
6.673903808593750000e+03
3.339663085937500000e+03
1.078754101562500000e+04
3.777858886718750000e+03
6.101064453125000000e+03
6.383306152343750000e+03
6.743634277343750000e+03
4.085936035156250000e+03
1.084819531250000000e+04
4.538364257812500000e+03
1.973037109375000000e+04
6.138699218750000000e+03
3.236783203125000000e+04
1.406518945312500000e+04
6.095742187500000000e+04
4.436464843750000000e+04
3.563128906250000000e+04
2.466948828125000000e+04
3.846178125000000000e+04
2.387252343750000000e+04
5.529617187500000000e+04
5.071977343750000000e+04
7.113326171875000000e+03
1.433789160156250000e+04
2.042978906250000000e+04
1.568727929687500000e+04
1.753196679687500000e+04
1.494078417968750000e+04
1.220415429687500000e+04
1.113549609375000000e+04
1.205274804687500000e+04
1.123724218750000000e+04
7.655216796875000000e+03
7.838931640625000000e+03
6.234207519531250000e+03
6.143594726562500000e+03
5.477055175781250000e+03
5.269775390625000000e+03
4.960104492187500000e+03
4.640182128906250000e+03
4.527332031250000000e+03
4.260639648437500000e+03
3.998262939453125000e+03
3.927964355468750000e+03
3.465868652343750000e+03
3.623114257812500000e+03
3.136840820312500000e+03
3.324069824218750000e+03
2.899367675781250000e+03
3.046618896484375000e+03
2.776097656250000000e+03
2.781812011718750000e+03
2.652239257812500000e+03
2.570695068359375000e+03
2.619241455078125000e+03
2.372292968750000000e+03
2.542564208984375000e+03
2.211859619140625000e+03
2.486688476562500000e+03
2.072848144531250000e+03
2.395010498046875000e+03
1.976724487304687500e+03
2.279301025390625000e+03
1.930486083984375000e+03
2.089062988281250000e+03
1.944791259765625000e+03
1.896084472656250000e+03
1.949824829101562500e+03
1.767304199218750000e+03
1.904157348632812500e+03
1.744167236328125000e+03
1.760297729492187500e+03
1.767267700195312500e+03
1.651344116210937500e+03
1.708636230468750000e+03
1.650558105468750000e+03
1.596974243164062500e+03
1.649808349609375000e+03
1.575108642578125000e+03
1.533931884765625000e+03
1.572713500976562500e+03
1.515830688476562500e+03
1.473023071289062500e+03
1.512890625000000000e+03
1.475149658203125000e+03
1.432125244140625000e+03
1.446638305664062500e+03
1.435632568359375000e+03
1.395855102539062500e+03
1.374242675781250000e+03
1.403917846679687500e+03
1.388659179687500000e+03
1.349651123046875000e+03
1.321121582031250000e+03
1.318204345703125000e+03
1.328957885742187500e+03
1.310018798828125000e+03
1.284566406250000000e+03
1.265802734375000000e+03
1.258425659179687500e+03
1.251561035156250000e+03
1.249877441406250000e+03
1.244541625976562500e+03
1.235901855468750000e+03
1.226170532226562500e+03
1.232440063476562500e+03
1.226487670898437500e+03
1.239581298828125000e+03
1.269406005859375000e+03
1.318407958984375000e+03
1.374717529296875000e+03
1.456688964843750000e+03
1.487043334960937500e+03
1.427668457031250000e+03
1.366629394531250000e+03
1.312948730468750000e+03
1.303774780273437500e+03
1.339043212890625000e+03
1.387111816406250000e+03
1.436253540039062500e+03
1.413654541015625000e+03
1.368893554687500000e+03
1.319272216796875000e+03
1.295740112304687500e+03
1.316296630859375000e+03
1.349554931640625000e+03
1.377430908203125000e+03
1.367062377929687500e+03
1.315239257812500000e+03
1.276383666992187500e+03
1.280594238281250000e+03
1.314108764648437500e+03
1.335399047851562500e+03
1.356033813476562500e+03
1.340080200195312500e+03
1.293757080078125000e+03
1.245763916015625000e+03
1.255725341796875000e+03
1.274605346679687500e+03
1.301345703125000000e+03
1.333427978515625000e+03
1.295611572265625000e+03
1.243332519531250000e+03
1.230793579101562500e+03
1.237503906250000000e+03
1.299205566406250000e+03
1.345768188476562500e+03
1.333591552734375000e+03
1.260215820312500000e+03
1.217017089843750000e+03
1.223230102539062500e+03
1.263057250976562500e+03
1.318774658203125000e+03
1.336481689453125000e+03
1.284578247070312500e+03
1.237368164062500000e+03
1.223325927734375000e+03
1.242287109375000000e+03
1.305693359375000000e+03
1.369778076171875000e+03
1.333315185546875000e+03
1.241974975585937500e+03
1.172134643554687500e+03
1.202847290039062500e+03
1.271270996093750000e+03
1.302700073242187500e+03
1.291905639648437500e+03
1.254606933593750000e+03
1.231750122070312500e+03
1.234125366210937500e+03
1.247837646484375000e+03
1.265170410156250000e+03
1.258153564453125000e+03
1.284662353515625000e+03
1.279385742187500000e+03
1.227904418945312500e+03
1.218321044921875000e+03
1.226922851562500000e+03
1.245843994140625000e+03
1.301890258789062500e+03
1.305448120117187500e+03
1.268219970703125000e+03
1.220723144531250000e+03
1.217209960937500000e+03
1.238149169921875000e+03
1.287646972656250000e+03
1.292535644531250000e+03
1.238262939453125000e+03
1.206315063476562500e+03
1.219948608398437500e+03
1.246027954101562500e+03
1.270290527343750000e+03
1.256604492187500000e+03
1.239076660156250000e+03
1.214281005859375000e+03
1.202602539062500000e+03
1.215557006835937500e+03
1.226579345703125000e+03
1.258749511718750000e+03
1.260395141601562500e+03
1.216630859375000000e+03
1.188293823242187500e+03
1.225047607421875000e+03
1.274695434570312500e+03
1.266918945312500000e+03
1.218013183593750000e+03
1.188400024414062500e+03
1.207336669921875000e+03
1.251184448242187500e+03
1.278439331054687500e+03
1.235535156250000000e+03
1.190654785156250000e+03
1.207009399414062500e+03
1.240097045898437500e+03
1.259595581054687500e+03
1.232352661132812500e+03
1.176695556640625000e+03
1.186489379882812500e+03
1.258090332031250000e+03
1.288193603515625000e+03
1.221184570312500000e+03
1.165024169921875000e+03
1.164635620117187500e+03
1.244913574218750000e+03
1.277106323242187500e+03
1.243947021484375000e+03
1.173422851562500000e+03
1.171462646484375000e+03
1.228684204101562500e+03
1.272637207031250000e+03
1.232432128906250000e+03
1.191856445312500000e+03
1.178898925781250000e+03
1.247271240234375000e+03
1.274315795898437500e+03
1.201226562500000000e+03
1.144434570312500000e+03
1.167614746093750000e+03
1.250331542968750000e+03
1.268721679687500000e+03
1.187455810546875000e+03
1.144452636718750000e+03
1.196824829101562500e+03
1.273035278320312500e+03
1.245367431640625000e+03
1.183125366210937500e+03
1.160210083007812500e+03
1.220043212890625000e+03
1.260616210937500000e+03
1.216585693359375000e+03
1.153441772460937500e+03
1.149840332031250000e+03
1.223048095703125000e+03
1.262456054687500000e+03
1.178753662109375000e+03
1.121868286132812500e+03
1.177331665039062500e+03
1.261475341796875000e+03
1.228124511718750000e+03
1.149407226562500000e+03
1.136624511718750000e+03
1.191194335937500000e+03
1.239836914062500000e+03
1.226568847656250000e+03
1.185786987304687500e+03
1.166408203125000000e+03
1.195935058593750000e+03
1.220015625000000000e+03
1.204503662109375000e+03
1.170153320312500000e+03
1.153802490234375000e+03
1.192356445312500000e+03
1.244343017578125000e+03
1.219554565429687500e+03
1.157727294921875000e+03
1.157836425781250000e+03
1.191441406250000000e+03
1.210374023437500000e+03
1.200076171875000000e+03
1.176289550781250000e+03
1.165873413085937500e+03
1.209041503906250000e+03
1.189752075195312500e+03
1.170444213867187500e+03
1.168542114257812500e+03
1.181203247070312500e+03
1.189448974609375000e+03
1.203129394531250000e+03
1.163861206054687500e+03
1.166187133789062500e+03
1.190197998046875000e+03
1.189375488281250000e+03
1.172510986328125000e+03
1.162070068359375000e+03
1.167114013671875000e+03
1.190562500000000000e+03
1.192300659179687500e+03
1.170797241210937500e+03
1.138995849609375000e+03
1.168041748046875000e+03
1.160926025390625000e+03
1.163161376953125000e+03
1.163501708984375000e+03
1.208069213867187500e+03
1.181084594726562500e+03
1.142847167968750000e+03
1.139292480468750000e+03
1.169022583007812500e+03
1.181836181640625000e+03
1.175021606445312500e+03
1.157739013671875000e+03
1.144953369140625000e+03
1.147725341796875000e+03
1.172111816406250000e+03
1.169408813476562500e+03
1.163548583984375000e+03
1.159316894531250000e+03
1.171076416015625000e+03
1.142949462890625000e+03
1.147438964843750000e+03
1.161547241210937500e+03
1.158462402343750000e+03
1.166169921875000000e+03
1.167507080078125000e+03
1.131972045898437500e+03
1.148796386718750000e+03
1.176892578125000000e+03
1.169548339843750000e+03
1.145127197265625000e+03
1.140164062500000000e+03
1.154213867187500000e+03
1.159531250000000000e+03
1.134552612304687500e+03
1.128442016601562500e+03
1.140278076171875000e+03
1.181578613281250000e+03
1.156207885742187500e+03
1.130475341796875000e+03
1.153301757812500000e+03
1.169219726562500000e+03
1.153713134765625000e+03
1.151168090820312500e+03
1.154162719726562500e+03
1.133351074218750000e+03
1.113767211914062500e+03
1.155191650390625000e+03
1.170632934570312500e+03
1.138891479492187500e+03
1.095798583984375000e+03
1.123098876953125000e+03
1.183810180664062500e+03
1.175556274414062500e+03
1.137613769531250000e+03
1.107047363281250000e+03
1.124261230468750000e+03
1.157234130859375000e+03
1.150992431640625000e+03
1.138433959960937500e+03
1.119385498046875000e+03
1.137720458984375000e+03
1.142651367187500000e+03
1.127251098632812500e+03
1.119615478515625000e+03
1.157592285156250000e+03
1.153685302734375000e+03
1.112808227539062500e+03
1.104557128906250000e+03
1.152286132812500000e+03
1.158953125000000000e+03
1.110591918945312500e+03
1.097423706054687500e+03
1.141632324218750000e+03
1.164501220703125000e+03
1.122632080078125000e+03
1.103208251953125000e+03
1.122386962890625000e+03
1.138656738281250000e+03
1.147279663085937500e+03
1.125380371093750000e+03
1.114697143554687500e+03
1.114856933593750000e+03
1.131285400390625000e+03
1.153214965820312500e+03
1.128611328125000000e+03
1.097610839843750000e+03
1.107729492187500000e+03
1.133124267578125000e+03
1.144013793945312500e+03
1.110467651367187500e+03
1.087839843750000000e+03
1.112010986328125000e+03
1.134230224609375000e+03
1.097959472656250000e+03
1.086935058593750000e+03
1.127672729492187500e+03
1.140120483398437500e+03
1.099253295898437500e+03
1.079912475585937500e+03
1.098189941406250000e+03
1.134109619140625000e+03
1.137906616210937500e+03
1.096513916015625000e+03
1.091587768554687500e+03
1.117450195312500000e+03
1.124906738281250000e+03
1.117046386718750000e+03
1.102423095703125000e+03
1.087650634765625000e+03
1.115585693359375000e+03
1.129472900390625000e+03
1.097380859375000000e+03
1.088864746093750000e+03
1.094217773437500000e+03
1.114228881835937500e+03
1.120008056640625000e+03
1.082220214843750000e+03
1.086655517578125000e+03
1.105000610351562500e+03
1.116976074218750000e+03
1.115422729492187500e+03
1.083749023437500000e+03
1.098315063476562500e+03
1.103685302734375000e+03
1.106499389648437500e+03
1.093607177734375000e+03
1.080125366210937500e+03
1.092783691406250000e+03
1.120111450195312500e+03
1.106455810546875000e+03
1.086574707031250000e+03
1.073595581054687500e+03
1.088395751953125000e+03
1.119769287109375000e+03
1.122373779296875000e+03
1.088719116210937500e+03
1.066307495117187500e+03
1.090673339843750000e+03
1.115019287109375000e+03
1.085457153320312500e+03
1.056121948242187500e+03
1.096368652343750000e+03
