2.929659375000000000e+04
1.575501562500000000e+05
5.583240625000000000e+04
7.388781250000000000e+04
9.617389062500000000e+04
6.856394531250000000e+04
2.429268359375000000e+04
4.338154687500000000e+04
6.017274218750000000e+04
5.022964843750000000e+04
2.729445898437500000e+04
2.344282421875000000e+04
3.811033593750000000e+04
3.988931250000000000e+04
2.937862695312500000e+04
1.951045312500000000e+04
2.463261328125000000e+04
3.100991210937500000e+04
2.827983984375000000e+04
2.091599023437500000e+04
1.888384960937500000e+04
2.369854687500000000e+04
2.554722851562500000e+04
2.191147265625000000e+04
1.789156250000000000e+04
1.886615234375000000e+04
2.176631250000000000e+04
2.122422460937500000e+04
1.834575195312500000e+04
1.706602343750000000e+04
1.865346093750000000e+04
1.976385156250000000e+04
1.830150781250000000e+04
1.652642578125000000e+04
1.688212109375000000e+04
1.796155859375000000e+04
1.760594140625000000e+04
1.617999804687500000e+04
1.591202539062500000e+04
1.675187109375000000e+04
1.675677148437500000e+04
1.581861523437500000e+04
1.538726074218750000e+04
1.584889453125000000e+04
1.592591503906250000e+04
1.522700585937500000e+04
1.483851269531250000e+04
1.516481933593750000e+04
1.513666894531250000e+04
1.457962597656250000e+04
1.448902050781250000e+04
1.459291601562500000e+04
1.446735644531250000e+04
1.409234472656250000e+04
1.413760351562500000e+04
1.421065039062500000e+04
1.385647949218750000e+04
1.361088476562500000e+04
1.378327148437500000e+04
1.357845507812500000e+04
1.325018164062500000e+04
1.327931640625000000e+04
1.328129101562500000e+04
1.306394726562500000e+04
1.303315332031250000e+04
1.297573925781250000e+04
1.278193750000000000e+04
1.268025000000000000e+04
1.264240527343750000e+04
1.242466015625000000e+04
1.244721289062500000e+04
1.229228222656250000e+04
1.220129101562500000e+04
1.212300195312500000e+04
1.209944628906250000e+04
1.190452734375000000e+04
1.193412597656250000e+04
1.177572851562500000e+04
1.169043066406250000e+04
1.167250390625000000e+04
1.150822558593750000e+04
1.157163476562500000e+04
1.142383593750000000e+04
1.134500390625000000e+04
1.122696191406250000e+04
1.108539843750000000e+04
1.113455664062500000e+04
1.098728710937500000e+04
1.089256152343750000e+04
1.074251562500000000e+04
1.072558398437500000e+04
1.072578515625000000e+04
1.065102539062500000e+04
1.053400683593750000e+04
1.045852343750000000e+04
1.035922070312500000e+04
1.029068945312500000e+04
1.024645800781250000e+04
1.018951074218750000e+04
1.013549218750000000e+04
1.003736523437500000e+04
9.959054687500000000e+03
9.911018554687500000e+03
9.805613281250000000e+03
9.687728515625000000e+03
9.631922851562500000e+03
9.570024414062500000e+03
9.450304687500000000e+03
9.540328125000000000e+03
9.453124023437500000e+03
9.297222656250000000e+03
9.210873046875000000e+03
9.150081054687500000e+03
9.119957031250000000e+03
9.042922851562500000e+03
8.984388671875000000e+03
8.915396484375000000e+03
8.853847656250000000e+03
8.827517578125000000e+03
8.703006835937500000e+03
8.635530273437500000e+03
8.631355468750000000e+03
8.564071289062500000e+03
8.680606445312500000e+03
9.112224609375000000e+03
1.046263964843750000e+04
1.215922460937500000e+04
1.074498828125000000e+04
8.484544921875000000e+03
8.347726562500000000e+03
9.857470703125000000e+03
1.065792871093750000e+04
9.145597656250000000e+03
8.041068847656250000e+03
8.441386718750000000e+03
9.183901367187500000e+03
9.160519531250000000e+03
8.422208984375000000e+03
7.882768554687500000e+03
7.824470703125000000e+03
8.176706054687500000e+03
8.651091796875000000e+03
8.870927734375000000e+03
8.553609375000000000e+03
8.064516113281250000e+03
7.720306152343750000e+03
7.520858398437500000e+03
7.466823242187500000e+03
7.619092285156250000e+03
7.946635742187500000e+03
8.708937500000000000e+03
9.889138671875000000e+03
1.011393359375000000e+04
8.970255859375000000e+03
7.903441894531250000e+03
7.356568359375000000e+03
7.165983398437500000e+03
7.172193359375000000e+03
7.244096679687500000e+03
7.445554687500000000e+03
8.410691406250000000e+03
1.009704882812500000e+04
1.055230078125000000e+04
8.632638671875000000e+03
7.275723632812500000e+03
6.883330078125000000e+03
7.112541015625000000e+03
8.008830078125000000e+03
9.566064453125000000e+03
9.791469726562500000e+03
8.196090820312500000e+03
7.062526367187500000e+03
6.711232421875000000e+03
6.749662597656250000e+03
7.200561523437500000e+03
8.057572753906250000e+03
9.142903320312500000e+03
9.018031250000000000e+03
7.839127929687500000e+03
6.967760742187500000e+03
6.551644531250000000e+03
6.485825195312500000e+03
6.548285156250000000e+03
6.924048828125000000e+03
7.719544921875000000e+03
9.044220703125000000e+03
9.257103515625000000e+03
7.993857910156250000e+03
7.039843750000000000e+03
6.651214843750000000e+03
6.579095703125000000e+03
6.680404296875000000e+03
7.032369628906250000e+03
8.033522949218750000e+03
9.104144531250000000e+03
8.711183593750000000e+03
7.405228515625000000e+03
6.599790039062500000e+03
6.342615234375000000e+03
6.266680664062500000e+03
6.304909667968750000e+03
6.609384765625000000e+03
7.332160156250000000e+03
8.720644531250000000e+03
9.071787109375000000e+03
7.856925781250000000e+03
6.854781738281250000e+03
6.411592773437500000e+03
6.262811523437500000e+03
6.388979492187500000e+03
6.882307617187500000e+03
7.935097656250000000e+03
8.547414062500000000e+03
7.936173828125000000e+03
7.012265136718750000e+03
6.507666992187500000e+03
6.228847656250000000e+03
6.249069335937500000e+03
6.524383789062500000e+03
7.038473632812500000e+03
7.688193847656250000e+03
7.954083496093750000e+03
7.445748046875000000e+03
6.768885253906250000e+03
6.358569335937500000e+03
6.207550781250000000e+03
6.232922851562500000e+03
6.491826171875000000e+03
7.025944335937500000e+03
7.515259277343750000e+03
7.473674804687500000e+03
6.957086914062500000e+03
6.402236328125000000e+03
6.127454101562500000e+03
6.182856445312500000e+03
6.532217773437500000e+03
6.959901855468750000e+03
7.422423339843750000e+03
7.156155761718750000e+03
6.649934570312500000e+03
6.261107421875000000e+03
6.142124511718750000e+03
6.278911132812500000e+03
6.435364257812500000e+03
6.802950195312500000e+03
7.044534667968750000e+03
7.106429687500000000e+03
6.644155273437500000e+03
6.118670898437500000e+03
5.872748046875000000e+03
5.813420410156250000e+03
6.029793945312500000e+03
6.453319335937500000e+03
6.944165527343750000e+03
6.986187988281250000e+03
6.601798828125000000e+03
6.222811523437500000e+03
6.049001953125000000e+03
6.145510742187500000e+03
6.382867187500000000e+03
6.758929687500000000e+03
6.859672851562500000e+03
6.567291015625000000e+03
6.181278320312500000e+03
5.971272460937500000e+03
5.909023925781250000e+03
6.137720703125000000e+03
6.390830566406250000e+03
6.590194335937500000e+03
6.509869628906250000e+03
6.205659667968750000e+03
6.008260253906250000e+03
5.870586914062500000e+03
5.816683105468750000e+03
5.994477539062500000e+03
6.142150878906250000e+03
6.254648437500000000e+03
6.293103515625000000e+03
6.090032226562500000e+03
5.907141601562500000e+03
5.762978515625000000e+03
5.812036621093750000e+03
5.982685546875000000e+03
6.269253417968750000e+03
6.370654785156250000e+03
6.210800781250000000e+03
5.865172851562500000e+03
5.679186523437500000e+03
5.660899414062500000e+03
5.815097167968750000e+03
5.931763183593750000e+03
6.156092285156250000e+03
6.216959960937500000e+03
6.120064453125000000e+03
5.875182617187500000e+03
5.688789062500000000e+03
5.565146972656250000e+03
5.683958984375000000e+03
5.962188476562500000e+03
6.174877929687500000e+03
6.140197753906250000e+03
5.901767578125000000e+03
5.621098632812500000e+03
5.531494140625000000e+03
5.643079101562500000e+03
5.856453613281250000e+03
5.988230468750000000e+03
5.948575195312500000e+03
5.722330566406250000e+03
5.500397460937500000e+03
5.469585937500000000e+03
5.500016601562500000e+03
5.645023925781250000e+03
5.666840332031250000e+03
5.680995117187500000e+03
5.680815917968750000e+03
5.716301757812500000e+03
5.686653808593750000e+03
5.560562011718750000e+03
5.560569824218750000e+03
5.469145507812500000e+03
5.459927734375000000e+03
5.581666015625000000e+03
5.765860351562500000e+03
5.805661621093750000e+03
5.606148437500000000e+03
5.248366210937500000e+03
5.190083496093750000e+03
5.304551757812500000e+03
5.502092285156250000e+03
5.693992187500000000e+03
5.726552734375000000e+03
5.462984863281250000e+03
5.329212890625000000e+03
5.217293945312500000e+03
5.351603515625000000e+03
5.548975585937500000e+03
5.651522460937500000e+03
5.730556640625000000e+03
5.433318359375000000e+03
5.117381835937500000e+03
5.016962402343750000e+03
5.049948242187500000e+03
5.261902832031250000e+03
5.486731445312500000e+03
5.558972656250000000e+03
5.418123046875000000e+03
5.225985839843750000e+03
5.060377929687500000e+03
5.086553710937500000e+03
5.188874023437500000e+03
5.344273437500000000e+03
5.508244140625000000e+03
5.407431640625000000e+03
5.203131835937500000e+03
5.156102539062500000e+03
5.144629394531250000e+03
5.271905273437500000e+03
5.321622558593750000e+03
5.283203613281250000e+03
5.239909179687500000e+03
5.155274414062500000e+03
5.071210937500000000e+03
5.142420898437500000e+03
5.200569335937500000e+03
5.207981933593750000e+03
5.077495117187500000e+03
5.071563964843750000e+03
5.122797851562500000e+03
5.217310546875000000e+03
5.135086425781250000e+03
4.986898437500000000e+03
5.014319824218750000e+03
5.086186035156250000e+03
5.121400390625000000e+03
5.089327636718750000e+03
4.894869628906250000e+03
4.816833984375000000e+03
4.790254882812500000e+03
4.951131835937500000e+03
5.139597656250000000e+03
5.237329101562500000e+03
5.040643554687500000e+03
4.822144042968750000e+03
4.692297363281250000e+03
4.688042480468750000e+03
4.888181640625000000e+03
5.128258789062500000e+03
5.150957031250000000e+03
4.964524414062500000e+03
4.743924316406250000e+03
4.620022460937500000e+03
4.683578125000000000e+03
4.950138671875000000e+03
5.241963867187500000e+03
5.212172363281250000e+03
4.894057617187500000e+03
4.596414550781250000e+03
4.466027343750000000e+03
4.585307617187500000e+03
4.844018066406250000e+03
5.191570800781250000e+03
5.124994140625000000e+03
4.720986328125000000e+03
4.445775390625000000e+03
4.423545898437500000e+03
4.606327148437500000e+03
4.962021484375000000e+03
5.179912597656250000e+03
4.872727539062500000e+03
4.551002929687500000e+03
4.449747070312500000e+03
4.590354492187500000e+03
4.853186035156250000e+03
4.889275390625000000e+03
4.768440429687500000e+03
4.581125976562500000e+03
4.495527343750000000e+03
4.545527343750000000e+03
4.663023437500000000e+03
4.788874023437500000e+03
4.790290039062500000e+03
4.693272460937500000e+03
4.644652343750000000e+03
4.642272949218750000e+03
4.610524902343750000e+03
4.544077148437500000e+03
4.572577148437500000e+03
4.601202636718750000e+03
4.620807128906250000e+03
4.587744628906250000e+03
4.497590820312500000e+03
4.486925781250000000e+03
4.451566406250000000e+03
4.417346191406250000e+03
4.531765625000000000e+03
4.608681640625000000e+03
4.644823730468750000e+03
4.625409179687500000e+03
4.488029296875000000e+03
4.378546875000000000e+03
4.364846679687500000e+03
4.402298828125000000e+03
4.456194335937500000e+03
4.525818359375000000e+03
4.564055664062500000e+03
4.414301757812500000e+03
4.303073242187500000e+03
4.337846191406250000e+03
4.541254882812500000e+03
4.552405273437500000e+03
4.501095214843750000e+03
4.383207031250000000e+03
4.319837890625000000e+03
4.350633300781250000e+03
4.405022949218750000e+03
4.399163085937500000e+03
4.378623535156250000e+03
4.339699707031250000e+03
4.366833007812500000e+03
4.392769531250000000e+03
4.343093750000000000e+03
4.242160644531250000e+03
4.243095703125000000e+03
4.257875000000000000e+03
4.265528320312500000e+03
4.290324218750000000e+03
4.335643066406250000e+03
4.300649414062500000e+03
4.189361328125000000e+03
4.104848632812500000e+03
4.261145019531250000e+03
4.385598632812500000e+03
4.393223632812500000e+03
4.282444335937500000e+03
4.167054199218750000e+03
4.077482910156250000e+03
4.184425292968750000e+03
4.312077636718750000e+03
4.342616699218750000e+03
4.245355468750000000e+03
4.063978027343750000e+03
3.978637695312500000e+03
4.057639160156250000e+03
4.188496093750000000e+03
4.353947265625000000e+03
4.290200683593750000e+03
4.120472656250000000e+03
4.009375000000000000e+03
4.039503906250000000e+03
4.115625976562500000e+03
4.195526367187500000e+03
4.247075195312500000e+03
4.170632812500000000e+03
4.006203125000000000e+03
3.937131347656250000e+03
3.960630615234375000e+03
4.104830078125000000e+03
4.191113281250000000e+03
4.139956054687500000e+03
4.041098632812500000e+03
3.978227294921875000e+03
3.961901855468750000e+03
4.018702636718750000e+03
4.128134277343750000e+03
4.178630859375000000e+03
4.047755859375000000e+03
4.030626953125000000e+03
3.977446777343750000e+03
3.968310302734375000e+03
4.009283935546875000e+03
4.051827880859375000e+03
3.991639892578125000e+03
3.889177978515625000e+03
3.851899414062500000e+03
3.918681640625000000e+03
4.006926757812500000e+03
4.086149902343750000e+03
4.083946289062500000e+03
3.945162109375000000e+03
3.874309326171875000e+03
3.880428710937500000e+03
3.959145751953125000e+03
3.985137695312500000e+03
3.865018066406250000e+03
3.808944335937500000e+03
3.790301757812500000e+03
3.952380859375000000e+03
4.115682617187500000e+03
4.046944335937500000e+03
3.775077880859375000e+03
3.675457031250000000e+03
3.758001708984375000e+03
3.994789306640625000e+03
4.057416503906250000e+03
3.874201660156250000e+03
3.667134033203125000e+03
3.620169921875000000e+03
3.724253906250000000e+03
3.944674560546875000e+03
4.009253662109375000e+03
3.872809082031250000e+03
3.684952148437500000e+03
3.643322265625000000e+03
3.751507812500000000e+03
3.913662841796875000e+03
3.864058593750000000e+03
3.771370849609375000e+03
3.716464355468750000e+03
3.729065185546875000e+03
3.746049560546875000e+03
3.729281738281250000e+03
3.774514648437500000e+03
3.848521728515625000e+03
3.753124023437500000e+03
3.631777832031250000e+03
3.612013671875000000e+03
3.718600097656250000e+03
3.809172119140625000e+03
3.741019042968750000e+03
3.678631347656250000e+03
3.609844238281250000e+03
3.564962890625000000e+03
3.616694335937500000e+03
3.706091064453125000e+03
3.837635009765625000e+03
3.739352783203125000e+03
3.579594726562500000e+03
3.489193115234375000e+03
3.596686035156250000e+03
3.747277832031250000e+03
3.854183105468750000e+03
3.716766845703125000e+03
3.554949707031250000e+03
3.481687500000000000e+03
3.520438476562500000e+03
3.616795898437500000e+03
3.747281738281250000e+03
3.711322753906250000e+03
3.567676757812500000e+03
3.524889160156250000e+03
3.465208496093750000e+03
3.480449951171875000e+03
3.572664794921875000e+03
3.622760253906250000e+03
3.593524658203125000e+03
3.538572021484375000e+03
3.455826416015625000e+03
3.389640869140625000e+03
3.440746826171875000e+03
3.509673828125000000e+03
3.613630615234375000e+03
3.562373535156250000e+03
3.544369628906250000e+03
3.466440917968750000e+03
3.442968017578125000e+03
3.457785644531250000e+03
3.484109375000000000e+03
3.520850585937500000e+03
3.503320800781250000e+03
3.445363769531250000e+03
3.439563476562500000e+03
3.496232421875000000e+03
3.544770019531250000e+03
3.493754882812500000e+03
3.415564453125000000e+03
3.377179199218750000e+03
3.440137939453125000e+03
3.528330566406250000e+03
3.533506591796875000e+03
3.426690429687500000e+03
3.340427734375000000e+03
3.300308105468750000e+03
3.315641113281250000e+03
3.377356201171875000e+03
3.430241943359375000e+03
3.446741455078125000e+03
3.369510498046875000e+03
3.259550048828125000e+03
3.223713867187500000e+03
3.291278808593750000e+03
3.476129394531250000e+03
3.554853759765625000e+03
3.452555175781250000e+03
3.244899414062500000e+03
3.133078613281250000e+03
3.244242187500000000e+03
3.431153320312500000e+03
3.458166503906250000e+03
3.365220214843750000e+03
3.211532714843750000e+03
3.183800048828125000e+03
3.225133789062500000e+03
3.272440917968750000e+03
3.322202636718750000e+03
3.392864013671875000e+03
3.317810546875000000e+03
3.232518554687500000e+03
3.201791748046875000e+03
3.266954101562500000e+03
3.387363769531250000e+03
3.400021484375000000e+03
3.212553710937500000e+03
3.072677734375000000e+03
3.089916015625000000e+03
3.250462646484375000e+03
3.443811035156250000e+03
3.412979736328125000e+03
3.144992431640625000e+03
3.016759277343750000e+03
3.056711914062500000e+03
3.281527343750000000e+03
3.491852294921875000e+03
3.406654296875000000e+03
3.092151367187500000e+03
2.963035400390625000e+03
3.025238525390625000e+03
3.262035644531250000e+03
3.428412109375000000e+03
3.276198974609375000e+03
2.992192382812500000e+03
2.904808349609375000e+03
3.074725097656250000e+03
3.329008300781250000e+03
3.399192138671875000e+03
3.149255859375000000e+03
2.956109863281250000e+03
2.947755371093750000e+03
3.130584472656250000e+03
3.334912109375000000e+03
3.247066650390625000e+03
3.072410156250000000e+03
2.997776855468750000e+03
3.058225585937500000e+03
3.158541259765625000e+03
3.230594238281250000e+03
3.148256347656250000e+03
3.034763916015625000e+03
2.944140136718750000e+03
2.980076171875000000e+03
3.130960449218750000e+03
3.185559326171875000e+03
3.078850585937500000e+03
2.996959228515625000e+03
2.989257324218750000e+03
3.067432128906250000e+03
3.149092529296875000e+03
3.118285644531250000e+03
3.000848876953125000e+03
2.955350341796875000e+03
2.982432861328125000e+03
3.066145507812500000e+03
3.147814453125000000e+03
3.002477539062500000e+03
2.937814453125000000e+03
2.978821777343750000e+03
3.055601562500000000e+03
3.081466796875000000e+03
2.957476074218750000e+03
2.891169921875000000e+03
2.920630371093750000e+03
3.071722412109375000e+03
3.084996582031250000e+03
3.015894042968750000e+03
2.931555175781250000e+03
2.888173828125000000e+03
2.931821289062500000e+03
3.092322265625000000e+03
3.075786376953125000e+03
2.906406250000000000e+03
2.760311523437500000e+03
2.773153808593750000e+03
2.936949707031250000e+03
3.098337402343750000e+03
3.041791748046875000e+03
2.845482421875000000e+03
2.746228515625000000e+03
2.813690185546875000e+03
2.948400146484375000e+03
3.070499267578125000e+03
2.959854492187500000e+03
2.810431396484375000e+03
2.751570312500000000e+03
2.894579589843750000e+03
3.014927734375000000e+03
2.929157226562500000e+03
2.784193359375000000e+03
2.772180908203125000e+03
2.826219726562500000e+03
2.858557861328125000e+03
2.871429443359375000e+03
2.873546386718750000e+03
2.839771728515625000e+03
2.839029785156250000e+03
2.827877929687500000e+03
2.820170898437500000e+03
2.808438964843750000e+03
2.830712158203125000e+03
2.814393798828125000e+03
2.811698730468750000e+03
2.829764892578125000e+03
2.818704833984375000e+03
2.794316894531250000e+03
2.761934082031250000e+03
2.777723144531250000e+03
2.802528808593750000e+03
2.771505859375000000e+03
2.783445800781250000e+03
2.772576416015625000e+03
2.779953857421875000e+03
2.787195556640625000e+03
2.766500488281250000e+03
2.733716552734375000e+03
2.758732177734375000e+03
2.754676025390625000e+03
2.820651367187500000e+03
2.769737548828125000e+03
2.729173828125000000e+03
2.657768554687500000e+03
2.698580566406250000e+03
2.756382080078125000e+03
2.792444335937500000e+03
2.701356445312500000e+03
2.685997070312500000e+03
2.753687500000000000e+03
2.767752441406250000e+03
2.709579101562500000e+03
2.697400146484375000e+03
2.658125244140625000e+03
2.667699707031250000e+03
2.729077880859375000e+03
2.728956542968750000e+03
2.682445312500000000e+03
2.586704589843750000e+03
2.593022705078125000e+03
2.641191650390625000e+03
2.734830566406250000e+03
2.750786132812500000e+03
2.634499267578125000e+03
2.530010498046875000e+03
2.572151855468750000e+03
2.710971679687500000e+03
2.698875244140625000e+03
2.636992187500000000e+03
2.609970703125000000e+03
2.646741699218750000e+03
2.661718505859375000e+03
2.616421386718750000e+03
2.580562011718750000e+03
2.607251953125000000e+03
2.624246582031250000e+03
2.634308349609375000e+03
2.586805908203125000e+03
2.532862792968750000e+03
2.578693359375000000e+03
2.600454589843750000e+03
2.578863281250000000e+03
2.598998046875000000e+03
2.582965332031250000e+03
2.563479980468750000e+03
2.569085937500000000e+03
2.561314453125000000e+03
2.558204589843750000e+03
2.561119873046875000e+03
2.615306396484375000e+03
2.599479980468750000e+03
2.537797607421875000e+03
2.513639160156250000e+03
2.552436279296875000e+03
2.601239257812500000e+03
2.553792480468750000e+03
2.447680664062500000e+03
2.431886230468750000e+03
2.482732421875000000e+03
2.520802734375000000e+03
2.552138916015625000e+03
2.528907714843750000e+03
2.529442871093750000e+03
2.535364990234375000e+03
2.499210449218750000e+03
2.486174560546875000e+03
2.488465087890625000e+03
2.477306152343750000e+03
2.509816406250000000e+03
2.484924316406250000e+03
2.426234863281250000e+03
2.427853759765625000e+03
2.535314941406250000e+03
2.558906982421875000e+03
2.464827636718750000e+03
2.361491455078125000e+03
2.372889892578125000e+03
2.448783691406250000e+03
2.505298339843750000e+03
2.477043457031250000e+03
2.387506347656250000e+03
2.385544189453125000e+03
2.440424804687500000e+03
2.485850097656250000e+03
2.477762451171875000e+03
2.449444335937500000e+03
2.441119628906250000e+03
2.418481933593750000e+03
2.447004882812500000e+03
2.429925781250000000e+03
2.452483398437500000e+03
2.422640625000000000e+03
2.427281738281250000e+03
2.397555664062500000e+03
2.408940917968750000e+03
2.394681152343750000e+03
2.375949951171875000e+03
2.323041748046875000e+03
2.317330810546875000e+03
2.423147949218750000e+03
2.509049804687500000e+03
2.423753417968750000e+03
2.266573242187500000e+03
2.237977050781250000e+03
2.343815429687500000e+03
2.458283203125000000e+03
2.442331054687500000e+03
2.347199218750000000e+03
2.319391113281250000e+03
2.343131347656250000e+03
2.393882812500000000e+03
2.354764892578125000e+03
2.319860351562500000e+03
2.284743164062500000e+03
2.341302001953125000e+03
2.378490966796875000e+03
2.371089843750000000e+03
2.281939697265625000e+03
2.276511962890625000e+03
2.323756835937500000e+03
2.358188476562500000e+03
2.278601074218750000e+03
2.248809082031250000e+03
2.298765136718750000e+03
2.405452636718750000e+03
2.371962890625000000e+03
2.298713867187500000e+03
2.232565917968750000e+03
2.254325683593750000e+03
2.313227539062500000e+03
2.316579589843750000e+03
2.255113769531250000e+03
2.214568359375000000e+03
2.272627441406250000e+03
2.315505859375000000e+03
2.255190673828125000e+03
2.171136962890625000e+03
2.201159912109375000e+03
2.282802246093750000e+03
2.339528076171875000e+03
2.294458984375000000e+03
2.207440673828125000e+03
2.160943359375000000e+03
2.206821289062500000e+03
2.267075195312500000e+03
2.278396728515625000e+03
2.219366210937500000e+03
2.176662353515625000e+03
2.216063476562500000e+03
2.230022949218750000e+03
2.238016601562500000e+03
2.219133789062500000e+03
2.231642578125000000e+03
2.214806152343750000e+03
2.218598144531250000e+03
2.210464355468750000e+03
2.223897216796875000e+03
2.227600585937500000e+03
2.227763916015625000e+03
2.154536132812500000e+03
2.162705078125000000e+03
2.202672851562500000e+03
2.216446289062500000e+03
2.163623046875000000e+03
2.143912109375000000e+03
2.168327880859375000e+03
2.202228515625000000e+03
2.196561523437500000e+03
2.144772949218750000e+03
2.152394775390625000e+03
2.199733154296875000e+03
2.187305175781250000e+03
2.164110595703125000e+03
2.110824218750000000e+03
2.123064453125000000e+03
2.182383544921875000e+03
2.190014160156250000e+03
2.135902099609375000e+03
2.105449218750000000e+03
2.142298339843750000e+03
2.186469726562500000e+03
2.152619873046875000e+03
2.107739257812500000e+03
2.089870605468750000e+03
2.116806152343750000e+03
2.155537353515625000e+03
2.155967773437500000e+03
2.062917724609375000e+03
2.107347167968750000e+03
2.172631347656250000e+03
2.181126220703125000e+03
2.116079589843750000e+03
2.059816406250000000e+03
2.046599243164062500e+03
2.113351318359375000e+03
2.146295410156250000e+03
2.080389160156250000e+03
2.034696411132812500e+03
2.049806640625000000e+03
2.121225585937500000e+03
2.132245361328125000e+03
2.079884765625000000e+03
2.043846557617187500e+03
2.042779418945312500e+03
2.080131591796875000e+03
2.146956542968750000e+03
2.139914794921875000e+03
2.061431884765625000e+03
2.020386962890625000e+03
2.073024902343750000e+03
2.186844238281250000e+03
2.248488769531250000e+03
2.091140869140625000e+03
2.131858886718750000e+03
2.276962646484375000e+03
2.474617675781250000e+03
2.261173583984375000e+03
2.747254394531250000e+03
2.922721435546875000e+03
3.904625976562500000e+03
3.355570312500000000e+03
6.596257812500000000e+03
4.495756347656250000e+03
3.757412109375000000e+03
5.069947265625000000e+03
3.357806396484375000e+03
4.310720703125000000e+03
4.877129882812500000e+03
1.698288085937500000e+03
1.654887573242187500e+03
4.381422363281250000e+03
2.498856201171875000e+03
2.069555419921875000e+03
2.555952392578125000e+03
3.860107421875000000e+03
3.417627929687500000e+03
2.900851074218750000e+03
2.412831542968750000e+03
2.633535644531250000e+03
3.076303222656250000e+03
2.637742187500000000e+03
1.943974853515625000e+03
1.902399902343750000e+03
2.091038330078125000e+03
2.803937255859375000e+03
